0
558
481
558
481
551
484
556
481
554
487
560
485
560
479
563
479
552
480
547
481
546
482
548
482
552
480
558
482
546
485
548
480
556
488
557
486
552
484
554
491
550
478
550
485
560
480
561
484
596
480
554
482
610
485
557
479
556
480
557
480
553
488
554
480
551
482
546
484
552
480
552
480
598
483
551
480
597
480
561
482
545
482
558
480
551
481
552
480
599
482
548
487
558
482
558
482
550
482
560
484
555
480
552
485
559
479
552
486
562
479
552
482
559
480
563
480
549
479
560
487
550
479
547
483
562
479
557
480
598
480
552
482
562
484
562
481
550
480
596
489
555
481
555
479
552
485
549
481
555
479
551
483
561
482
554
481
602
480
553
479
549
482
553
479
547
481
560
485
551
484
557
481
563
484
560
480
553
480
553
482
551
479
553
479
561
478
563
480
550
480
553
480
548
481
559
488
541
482
555
485
559
483
549
479
552
489
563
483
564
480
560
486
542
478
553
480
548
480
605
479