0
552
488
557
483
558
481
561
481
553
481
564
480
559
486
555
479
560
481
562
479
562
486
597
481
551
480
559
480
559
481
560
480
556
481
562
481
562
480
554
480
553
479
551
485
563
479
561
482
549
482
563
486
550
479
562
480
551
481
561
486
561
479
563
552
480
563
479
557
481
562
485
547
480
555
485
552
480
552
479
558
479
556
482
597
482
560
552
481
561
481
552
479
548
484
547
478
546
479
562
479
558
488
551
481
599
483
564
484
560
479
562
480
559
482
559
480
554
489
565
479
554
486
550
483
551
481
560
483
551
479
560
484
562
485
547
484
554
480
559
480
600
480
544
485
606
485
554
484
559
485
500
558
480
561
480
546
478
551
481
559
482
603
479
557
483
555
481
558
485
563
478
551
485
549
484
553
483
549
483
561
480
563
479
550
480
543
480
550
481
550
481
561
480
553
481
554
481
562
479
609
485
554
484
561
489
561
479
553
479
558
484
553
479
553
479
559
486
561
479
557
485
559
480
559
477
555
484
559
480
601
480
564
481
563
479
559
487
549
479
551
485
558
485
561
481
552
478
560
481
560
479
565
481
596
485
555
485
553
479
564
480
550
481
549
483
554
488
552
481
562
487
563
486
554
486
561
483
554
483
557
481
549
479
562
479
553
481
561
479
552
482
555
480
554
481
604
484
549
489
550
488
563
486
564
482
552
485
564
486
562
482
551
483
607
479
551
486
603
481
557
483
552
482
551
478
561
486
561
481
599
490
558
480
558
480
600
489
546
485
560
479
551
482
554
482
561
479
561
482
551
485
553
479
556
480
554
483
551
480
548
480
552
479
558
478
548
487
552
480
556
479
600
478
550
483
552
482
562
480
562
559
484
564
479
552
485
562
481
553
481
559
482
543
485
549
480
597
484
599
480
549
480
561
480
549
479
564
482
551
481
554
481
561
481
597
480
551
480
551
479
553
480
558
481
596
480
553
484
549
480
562
482
564
482
560
479
547
478
549
480
555
480
563
480
559
480
544
480
559
485
561
484
558
480
552
480
553
479
562
480
550
484
554
479
551
481
559
481
545
481
596
481
564
481
550
481
552
483
608
479
547
480
554
478
565
479
599
480
544
490
550
479
554
485
544
480
550
479
601
482
597
479
560
479